#OFFSET:-1.047
#BPMS:180.000
1000
0100
0000
0010
0001
0010
0000
0100
,  // measure 2
0010
0000
0010
0000
0000
0000
0100
0000
0001
0010
0100
1000
0100
0000
0000
0000
,  // measure 3
1100
0011
0000
1100
0011
1100
0000
0011
,  // measure 4
1100
0011
0000
1000
0001
0100
0010
0000
,  // measure 5
0110
1000
0000
0011
1100
0011
0000
1100
,  // measure 6
0011
0000
1100
0000
0000
0000
0011
0000
0100
1000
0100
0010
0001
0010
0000
0000
,  // measure 7
1100
0011
0000
1100
0011
1100
0000
0011
,  // measure 8
1100
1100
0000
1000
0010
0100
0001
0000
,  // measure 9
1010
0101
0000
1010
0101
1010
0000
0101
,  // measure 10
1010
0000
0100
0000
0000
0000
0011
0000
1000
0100
0010
0001
0010
0000
0000
0000
,  // measure 11
1101
1110
0000
0011
0110
1100
0000
0011
,  // measure 12
1100
0011
0000
0010
0100
0001
0100
0000
,  // measure 13
1001
0110
0000
1010
0101
0010
0000
0101
,  // measure 14
1010
0000
0101
0000
0000
0000
1000
0000
0010
0100
0001
0010
0100
0000
0000
0000
,  // measure 15
1101
1110
0000
0111
1011
0111
0000
0101
,  // measure 16
1010
0101
0000
1010
0100
1110
0100
0000
,  // measure 17
0001
0010
0100
1000
0200
0000
0300
0000
,  // measure 18
0001
0010
0100
1000
0100
0010
0001
0010
0100
0000
1000
0000
0100
0000
0010
0000
,  // measure 19
0001
0010
0100
1000
0200
0000
0000
0000
,  // measure 20
0301
0010
0100
1000
0100
0010
0001
0010
0100
0000
0000
0000
0011
0000
1100
0000
,  // measure 21
0011
0000
1100
0011
1100
0000
0000
0001
,  // measure 22
0010
0100
1000
0100
0020
0000
0000
0030
,  // measure 23
0001
0010
0100
1000
0001
0010
0100
1000
0100
0000
0010
0000
0001
0000
0010
0000
,  // measure 24
0100
1000
0100
0010
0001
0010
0100
1000
0100
0010
0000
0000
1001
0000
0000
0000
,  // measure 25
2000
3000
0000
0200
0300
0000
0020
0030
,  // measure 26
0002
0000
0003
0020
0030
0000
0200
0300
,  // measure 27
0020
0030
0000
0002
0003
0000
0200
0300
,  // measure 28
0020
1030
0100
0010
0001
1000
0100
0010
,  // measure 29
1101
0000
0000
1110
0000
0000
0110
0000
,  // measure 30
1001
0000
0000
0110
0000
0000
0101
0000
,  // measure 31
0110
0000
0000
1101
0000
0000
0111
0000
,  // measure 32
0010
0100
0000
0000
0000
0000
0000
0000
0000
0000
0000
0000
1101
0000
0000
0000
1110
0000
0000
0000
0000
1111
0000
0000
,  // measure 33
2202
0000
0000
3303
0000
0000
0000
0000
0000
0000
0000
0000
0100
0000
0000
0000
0010
0000
0000
0000
0001
0000
0000
0000
,  // measure 34
0010
0000
0000
0100
0010
0000
0000
0000
0000
1101
0000
0000
,  // measure 35
1110
0000
0000
0110
0000
0000
1001
0000
,  // measure 36
1110
0001
0010
0100
1000
0100
0010
0001
,  // measure 37
0010
0000
0000
0000
0001
0000
0000
0000
0000
0100
0000
0000
0001
0000
0000
0000
0000
0000
0000
0000
0000
0000
0000
0000
,  // measure 38
1110
0000
0101
0000
1110
0000
0101
0000
0000
0000
0000
0000
,  // measure 39
1110
0111
1111
1110
,  // measure 40
1111
0000
0000
0000
0000
0000
1001
1001
,  // measure 41
0001
0000
0110
1001
,  // measure 42
0110
0000
1110
1010
,  // measure 43
0101
0000
0101
0110
,  // measure 44
0101
0000
0000
0100
,  // measure 45
0010
0000
1110
0111
,  // measure 46
1111
0000
0000
1110
,  // measure 47
0111
0000
0101
1010
,  // measure 48
0100
0000
0010
0100
0010
0100
0010
0100
,  // measure 49
0010
0000
0000
0000
0000
0100
1000
0100
,  // measure 50
0001
0000
0000
0000
0000
0100
0010
0001
,  // measure 51
0100
0010
0100
1000
0001
0010
0100
1000
,  // measure 52
0011
0000
0000
0000
0000
0000
0000
0000
1000
0100
0010
0001
0010
0000
0000
0000
,  // measure 53
1101
0000
0000
0000
0000
0110
1001
0110
,  // measure 54
1001
0000
0000
0000
0000
0110
1001
0110
,  // measure 55
0001
0110
1100
0111
0010
0101
1010
0100
,  // measure 56
0001
0000
0000
0000
0000
0000
0000
0000
1000
0100
0010
0001
0100
0000
0000
0000
,  // measure 57
0000
0000
0200
0300
0000
0020
0030
0000
,  // measure 58
0002
0003
0200
0300
0000
0020
0030
0000
,  // measure 59
2000
3000
0002
0003
0000
0200
0300
0000
,  // measure 60
0020
0030
1000
0100
1000
0001
0100
0010
,  // measure 61
0100
0001
2110
3000
0000
0111
0000
0000
,  // measure 62
1010
0000
0101
0000
0000
0110
0000
0000
,  // measure 63
0101
0000
1010
0000
0000
0010
0000
0000
,  // measure 64
1010
0000
0000
0000
0000
0000
0100
0010
0000
0000
0000
0000
0000
0000
0000
0000
0000
0000
1001
0000
0000
0000
1001
0000
,  // measure 65
0000
0000
0000
0000
1001
0000
0000
0000
0000
0000
0000
0000
0110
0000
0000
0000
0000
0000
0000
0000
0000
0000
0000
0000
0000
0000
0000
0000
0000
0000
0000
0000
0000
0000
0000
0000
0101
0000
0000
0000
0000
0000
0000
0000
0000
0101
0000
0000
,  // measure 66
0000
0010
0101
0000
0110
0110
0000
0000
,  // measure 67
1001
0000
0110
0000
0000
1110
0000
0000
,  // measure 68
1110
0000
0111
1000
0100
0010
0001
1000
,  // measure 69
0100
0000
0000
0010
0000
0000
1101
0000
0000
0000
0111
0000
0000
0000
1010
0000
0000
0000
0111
0000
0000
0000
0000
0000
,  // measure 70
0000
0000
0000
0000
0000
0000
0111
0000
0000
1010
0000
0000
0000
0100
0000
0000
0000
0000
1001
0000
0000
0000
0000
0000
,  // measure 71
0000
1110
1110
0111
,  // measure 72
0111
1211
0300
0000
,  // measure 73
1110
1110
1101
0000
0000
0000
0211
0300
,  // measure 74
1120
0030
0211
0300
0000
0000
1110
0000
,  // measure 75
1110
1101
0000
0011
,  // measure 76
0111
1111
0000
0000
,  // measure 77
0110
1001
0000
0110
,  // measure 78
1001
0110
0000
0000
,  // measure 79
0100
1010
0000
0101
,  // measure 80
1010
0000
0010
0000
0010
0010
0010
0010
,  // measure 81
0010
0010
0010
0000
0000
0000
1001
0000
,  // measure 82
1001
0000
0000
0000
0110
0001
0010
0100
1000
0100
0010
0001
0010
0100
1000
0100
,  // measure 83
0010
0001
0010
0100
1000
0100
0010
0001
0010
0100
0001
0010
0100
1000
0100
0010
,  // measure 84
0001
0010
0100
1000
0100
0010
0001
0010
0100
1000
0100
0010
0001
0010
0100
1000
,  // measure 85
0100
0010
0001
0010
0100
1000
0100
0010
0001
0010
0100
1000
0100
0010
0001
0010
,  // measure 86
0100
1101
0000
0101
,  // measure 87
1010
0101
0000
0110
,  // measure 88
0101
0000
0000
0000
1010
0001
0010
0100
1000
0101
0010
0100
1000
0100
0010
0001
,  // measure 89
0010
0100
1000
0100
0010
0001
0010
0100
1000
0100
0010
0001
0010
0100
1000
0100
,  // measure 90
0010
0001
0010
0100
1000
0000
0000
0000
0000
0000
0000
0000
0011
0000
0000
0000
,  // measure 91
1100
0011
0000
0011
,  // measure 92
0011
1110
0000
1100
,  // measure 93
0110
0101
0000
0101
,  // measure 94
0110
1100
0000
0011
,  // measure 95
1100
0011
0000
1100
,  // measure 96
0000
0000
0000
0000
0000
0000
0222
0000
0000
0000
0000
0000
M333
M000
M000
M000
M000
M000
M00M
000M
000M
000M
000M
000M
,  // measure 97
00MM
00M0
00M0
00M0
00M0
00M0
0MM0
0M00
0M00
0M00
0M00
0M00
MM00
M000
M000
M000
M000
M000
MM00
0M00
0M00
0M00
0M00
0M00
,  // measure 98
0MM0
00M0
00M0
00M0
00M0
00M0
01M0
0000
0000
0000
0000
0000
1000
0000
0000
0100
0000
0000
0010
0000
0000
0001
0000
0000
,  // measure 99
0010
0000
0100
0000
0001
0010
0100
1000
,  // measure 100
0100
0000
0010
0000
0010
0100
1000
0000
,  // measure 101
0100
0000
0001
0000
1000
0000
0001
0010
,  // measure 102
0100
0000
0001
0000
1000
0100
0010
0001
,  // measure 103
0010
0000
1000
0000
0001
0010
0100
1000
,  // measure 104
0100
0000
0001
0000
1000
0100
0010
0000
,  // measure 105
0001
0000
0100
0000
0001
0000
1000
0100
,  // measure 106
0010
0001
1100
0000
0011
1100
0011
1100
,  // measure 107
0011
0000
1100
0000
1100
0011
1100
0011
,  // measure 108
1100
0000
0011
0000
1100
0011
1100
0000
,  // measure 109
0011
0000
1100
0000
0011
0000
1100
0011
,  // measure 110
1100
0000
0001
0000
0001
0010
0100
1000
,  // measure 111
1000
0000
1000
0000
1000
0100
0010
0001
,  // measure 112
0001
0000
0001
0000
0001
0010
0100
0000
,  // measure 113
1000
0000
1000
0000
0100
0000
0001
0010
,  // measure 114
0100
1000
0001
0010
0100
1000
0100
0100
,  // measure 115
0100
0000
0010
0001
0010
0100
0010
0010
,  // measure 116
0010
0000
0100
0010
0100
1000
0100
0010
,  // measure 117
0100
0000
0001
0010
0100
1000
0100
0010
,  // measure 118
0001
0010
0100
1000
0100
0010
0001
0000
,  // measure 119
0100
0000
0100
1000
0100
0010
0001
0000
,  // measure 120
0010
0001
1000
0000
0010
0100
0001
1000
,  // measure 121
0010
0100
0011
0000
1100
0000
0011
0000
,  // measure 122
1100
0000
0011
0100
0001
1000
0010
0010
,  // measure 123
0010
0000
0100
0001
1000
0010
0100
0100
,  // measure 124
0100
0000
0011
1100
0110
0011
1010
0000
,  // measure 125
1101
0000
0001
1000
0010
0100
0001
1000
,  // measure 126
0010
0100
0011
1100
0011
1100
0011
0000
,  // measure 127
1101
0000
1010
0101
1010
0001
1010
0000
,  // measure 128
1001
0110
1101
0000
0101
1010
0100
0001
,  // measure 129
1110
0101
1010
0101
,  // measure 130
1010
0000
0101
0000
1001
0110
1001
0000
,  // measure 131
0110
1001
0100
0010
0001
0010
0100
0000
,  // measure 132
1001
0000
0110
0000
0001
0010
0101
0000
,  // measure 133
1000
0100
0010
0001
1010
0100
0002
0000
,  // measure 134
0003
0000
2000
0000
0000
3000
0000
0000
;