#OFFSET:1.479999
#BPMS:148.000000
0000
0000
0000
0000
,
1000
0001
0100
0010
,
0100
0010
1000
0100
,
0010
0001
0010
0100
,
1000
1000
0010
0001
,
0010
0100
1000
0100
,
0010
0100
0010
1000
,
0001
0100
1000
0001
,
0010
1000
0001
0100
,
1000
0100
0010
0100
,
0010
0001
0010
0100
,
0010
1000
0010
0010
,
0010
1000
0010
0001
,
0010
1000
0001
0100
,
1000
0001
0010
1000
,
0001
1000
0100
0010
,
1000
0001
0100
0010
,
1000
0000
0100
0010
0100
0000
0000
0000
,
0001
0000
0010
0100
1000
0000
0000
0000
,
0010
0000
1000
0100
1000
0000
0000
0000
,
0010
0000
0100
1000
0001
0000
0000
0000
,
0101
0000
0010
1000
0010
0000
0000
0000
,
1100
0000
0010
0100
0010
0000
0000
0000
,
0110
0000
0010
0010
0100
0000
0000
0000
,
1000
0000
0001
1000
1000
0000
0000
0000
,
1100
1010
1010
0101
,
0010
0000
1000
0010
0100
0000
0000
0000
,
1010
0110
0101
1010
,
0010
0000
1000
0001
0100
0000
0000
0000
,
1001
1010
1001
0110
,
1000
0000
0010
0100
1000
0000
0000
0000
,
0100
0000
1000
0010
1010
0000
0001
0000
,
0100
0000
0010
1000
0010
0000
0011
0000
,
0001
0000
0010
0100
1000
0000
0101
0000
,
1010
0000
0010
1000
0001
0000
1010
0000
,
0110
0000
1000
0010
0100
0000
1001
0000
,
0110
0000
1000
0010
0100
0000
0010
0000
,
0101
0000
0010
0001
0100
0000
1100
0000
,
0100
0000
0010
0100
0001
0000
0010
0000
,
0110
0000
1000
1000
0100
0000
0010
0000
,
0001
0000
0010
0101
0101
0000
0000
0000
,
0002
0000
0000
0003
0200
0000
0000
0300
,
2000
0000
0000
3000
0010
0000
0100
0000
,
2000
0000
0000
3000
0002
0000
0000
0003
,
0100
1000
0100
1000
0010
0001
0010
0001
,
0200
0000
0000
0300
2000
0000
0000
3000
,
0002
0000
0000
0003
0010
0000
0100
0000
,
2000
0000
0000
3000
0002
0000
0000
0003
,
0100
0010
0010
0100
0110
0000
0100
0100
,
0200
0000
0000
0300
2000
0000
0000
3000
,
0002
0000
0000
0003
0100
0000
0110
0000
,
0020
0000
0000
0030
2000
0000
0000
3000
,
0001
1000
0010
1000
0001
0000
0100
1000
,
0200
0000
0000
0300
0002
0000
0000
0003
,
0202
0000
0000
0303
2000
3000
0200
0300
,
0020
0000
0000
0030
2000
0000
0000
3000
,
0100
1000
0100
0010
,
1100
0000
0100
0000
0001
0000
0010
0100
,
0010
0100
0010
0100
0000
0000
0100
1000
,
0100
0000
0000
0001
0100
0000
0100
0001
,
0100
0000
0010
0000
0100
0000
1000
0100
,
0000
0001
0100
0100
0000
0000
0100
1000
,
0100
0001
0100
0010
0000
0000
0100
0100
,
0100
0000
0000
0100
0100
0000
0100
0001
,
0100
0000
0000
1000
0100
0000
0010
0001
,
0010
0000
0010
0100
0000
0000
0100
1000
,
0100
0001
0100
0010
0000
0000
0010
0001
,
0100
0000
0000
0100
0001
0000
0100
1000
,
0100
0000
0001
0010
0100
0000
0100
1000
,
0000
0100
0001
0010
0000
0000
0100
0100
,
0100
0010
0010
0010
0000
0000
0001
0001
,
1000
0000
0000
0010
0100
0000
1000
0001
,
0100
0000
0000
0010
0100
0000
0100
1000
,
0110
0000
1001
0000
1100
0000
0000
0100
,
0000
0100
0010
0000
0101
0000
0000
0000
,
0001
0000
1100
0000
0010
0000
0000
0001
,
0000
1000
0100
0000
0010
0000
0000
0000
,
1010
0000
1100
0000
0001
0000
0000
0010
,
0000
1000
0010
0000
0100
0000
0000
0000
,
0101
0000
1100
0000
0010
0000
0000
0110
,
0000
0100
1000
0000
0101
0000
0000
0000
,
1100
1010
0110
0101
,
0022
0000
0000
0033
1100
0000
0011
0000
;